0.00273341 0.00517616 0.772756 0.140806 0.0370353 0.0356617 0.00856531 0.0406744
0.00303992 0.0537974 0.544015 0.262743 0.0138448 0.11825 0.00734986 0.0697599
0.00229159 0.0185425 0.675686 0.166205 0.0510048 0.070539 0.0180224 0.0529303
0.0025477 0.0261072 0.641281 0.215335 0.0303007 0.0825172 0.00445954 0.0819841
0.00381349 0.00797401 0.686206 0.204754 0.0535871 0.0174301 0.0300483 0.0868808
0.00362585 0.0257732 0.451742 0.320971 0.112879 0.0663058 0.0223288 0.0800581
0.00210229 0.0110478 0.684462 0.204847 0.0119458 0.0860526 0.00164402 0.0419414
0.00379887 0.0520926 0.481722 0.301167 0.0262845 0.122526 0.0162078 0.0491953
0.00314201 0.0346515 0.463134 0.334358 0.0185884 0.140925 0.0083428 0.0960084
0.00238896 0.0416439 0.604384 0.225889 0.0151078 0.112263 0.000711458 0.0591697
0.00358093 0.00773034 0.665901 0.196911 0.0633168 0.0420954 0.0240453 0.13034
0.00216992 0.0328161 0.646992 0.184248 0.0257656 0.105445 0.00473312 0.0776347
0.00289833 0.0128247 0.52883 0.259681 0.103714 0.0640416 0.0309089 0.0978908
0.00314741 0.0335227 0.516911 0.305997 0.0584698 0.0720591 0.0130402 0.0942826
0.00294778 0.0426578 0.628966 0.21753 0.0199595 0.0836236 0.00726391 0.116767
0.00243068 0.0335804 0.468822 0.307549 0.0252215 0.154236 0.010591 0.116857
0.00261154 0.0432166 0.438477 0.343854 0.0422123 0.108763 0.023477 0.0408485
0.00394071 0.0102108 0.693192 0.217897 0.0325157 0.0399293 0.00625524 0.0742937
0.00292008 0.0222437 0.64189 0.156988 0.0666381 0.0732494 0.0389909 0.0527028
0.00203881 0.0223503 0.677509 0.233528 0.0145396 0.0465129 0.00556027 0.0771225
0.0033527 0.0444983 0.559892 0.244369 0.0568448 0.0935931 0.000802488 0.108339
0.00294964 0.0647044 0.550455 0.192434 0.0550034 0.113365 0.0240391 0.127997
0.00217697 0.0143258 0.527878 0.296506 0.063287 0.0622871 0.0357158 0.100028
0.00357193 0.0757083 0.581403 0.188562 0.0330528 0.110892 0.0103815 0.10903
0.00367874 0.0528197 0.529961 0.223048 0.0389696 0.154571 0.000631024 0.0750946
0.00284648 0.0701565 0.484206 0.27174 0.0592181 0.114597 8.20786e-05 0.0778752
0.00213454 0.00630262 0.659141 0.263099 0.0257174 0.0423018 0.00343863 0.0446556
0.00353825 0.0302213 0.64151 0.237867 0.0326183 0.0571952 0.000587538 0.0504121
0.00232281 0.0342873 0.378264 0.311015 0.0585445 0.195817 0.0220719 0.123275
0.00370797 0.0583363 0.483482 0.249575 0.0155479 0.187677 0.0053818 0.0726539
0.00267064 0.0146632 0.620657 0.210035 0.0543834 0.0675816 0.0326802 0.0655706
0.00349595 0.0762552 0.434351 0.24269 0.045948 0.176977 0.0237785 0.107811
0.00296619 0.0582509 0.416416 0.359925 0.0629258 0.0895675 0.0129149 0.084508
0.00266801 0.0440875 0.481391 0.2322 0.0388257 0.20237 0.00112572 0.0600456
0.00283186 0.0213682 0.63391 0.169806 0.0591212 0.0820312 0.0337642 0.0982201
0.00263051 0.0122584 0.695838 0.224243 0.0226971 0.044087 0.000876782 0.144257
0.00327209 0.017693 0.619583 0.21922 0.0611193 0.0738013 0.00858347 0.130401
0.00321182 0.060975 0.473243 0.230098 0.0111225 0.218518 0.0060438 0.0484593
0.00228933 0.0662499 0.486872 0.274225 0.0334045 0.130835 0.00841342 0.13019
0.00286363 0.0168939 0.571407 0.237018 0.11731 0.0452879 0.0120831 0.0689524
0.0039368 0.0392673 0.568212 0.314535 0.0203483 0.0571649 0.000472394 0.109729
0.00385476 0.031475 0.5452 0.265185 0.0422923 0.0978439 0.0180043 0.110923
0.00295824 0.0122294 0.557948 0.28496 0.0791246 0.0478451 0.017893 0.1451
0.00326238 0.0273001 0.575704 0.264662 0.0282312 0.0916744 0.0124291 0.0566429
0.00237321 0.0253765 0.607209 0.266061 0.0445249 0.0556919 0.00113627 0.111718
0.00275254 0.0352802 0.55734 0.28221 0.0203748 0.0934341 0.0113608 0.118623
0.00307613 0.0467259 0.428014 0.292533 0.110879 0.0913179 0.0305305 0.113005
0.00315386 0.0369881 0.336253 0.332738 0.0593855 0.200008 0.0346274 0.134294
0.00395188 0.0236587 0.459243 0.357629 0.0349614 0.11008 0.0144277 0.104162
0.00221819 0.0241614 0.713315 0.178852 0.0233112 0.0496845 0.0106761 0.0940834
0.00261386 0.0609531 0.49816 0.34786 0.0141754 0.0739005 0.00495094 0.0643189
0.00260358 0.00727128 0.652658 0.269525 0.0522505 0.018288 6.4254e-06 0.0539912
0.00206954 0.0188153 0.564334 0.215719 0.103021 0.0681538 0.029957 0.147423
0.0029276 0.0317821 0.546399 0.184883 0.0582149 0.153439 0.025281 0.0488176
0.0039299 0.0187487 0.608077 0.292352 0.0120695 0.0683649 0.000387902 0.122834
0.00274808 0.0470615 0.586819 0.182542 0.0241166 0.157041 0.00241969 0.109199
0.00377624 0.00994615 0.741406 0.153404 0.0425873 0.048061 0.00459596 0.0444671
0.00347306 0.0339547 0.458266 0.296287 0.0333408 0.166858 0.0112926 0.123025
0.00387155 0.0506475 0.497092 0.288792 0.0241422 0.131022 0.00830433 0.148886
0.00243785 0.0384655 0.57139 0.210195 0.0996449 0.0772919 0.00301221 0.0854037
0.0027616 0.0301986 0.470965 0.28811 0.0973243 0.0863323 0.0270695 0.07851
0.00246344 0.0282072 0.625 0.203705 0.00804212 0.131048 0.00399805 0.0984186
0.00271028 0.0397147 0.466195 0.319094 0.020117 0.152294 0.00258502 0.0846009
0.00338673 0.0422532 0.466623 0.343406 0.0475243 0.0841299 0.0160633 0.134038
0.00345721 0.0564032 0.399862 0.358622 0.0188864 0.162255 0.00397153 0.104879
0.0033753 0.0116306 0.597809 0.270028 0.0425417 0.0574623 0.0205283 0.0754222
0.00235014 0.0595851 0.43725 0.313448 0.0181486 0.167486 0.00408213 0.14351
0.00231915 0.0453621 0.455973 0.352239 0.0198945 0.123696 0.00283575 0.117285
0.00338286 0.0534278 0.503953 0.284467 0.0132056 0.137512 0.00743399 0.111402
0.00225767 0.0418175 0.476628 0.274356 0.0709694 0.100112 0.0361175 0.127645
0.00277551 0.00627296 0.762542 0.176631 0.0322849 0.0159729 0.00629653 0.0849188
0.0030097 0.0587736 0.582155 0.230877 0.026441 0.100272 0.00148165 0.129075
0.0024823 0.0354703 0.526353 0.270258 0.0396724 0.116148 0.0120989 0.115937
0.00244996 0.0387508 0.584312 0.20646 0.0455961 0.113044 0.0118366 0.135862
0.00295695 0.0456637 0.479256 0.225739 0.0692022 0.153734 0.0264056 0.136284
0.00381228 0.00954346 0.64556 0.16612 0.116239 0.0517591 0.0107787 0.122301
0.00389782 0.00553124 0.694229 0.143074 0.130173 0.0252445 0.00174802 0.0765828
0.00221363 0.0490092 0.337825 0.332589 0.0825916 0.156877 0.0411086 0.111829
0.00279436 0.0645957 0.497587 0.204258 0.080561 0.119366 0.0336324 0.104005
0.00255466 0.0124416 0.646605 0.265344 0.030454 0.0297093 0.0154454 0.102928
0.00298487 0.0209203 0.6273 0.287789 0.0228374 0.0324029 0.00875107 0.0681511
0.00391894 0.0580406 0.438923 0.301398 0.0164728 0.181667 0.00349943 0.145736
0.00224899 0.0118698 0.644256 0.263197 0.0248746 0.0487446 0.00705727 0.1158
0.00212799 0.0464265 0.491437 0.337862 0.028028 0.0883264 0.00791932 0.131058
0.00308282 0.0143718 0.583939 0.247518 0.0727731 0.0568801 0.0245181 0.0549263
0.00238241 0.0495705 0.491354 0.233854 0.0489301 0.163427 0.0128649 0.0429639
0.00202446 0.0212686 0.685942 0.169318 0.0302191 0.0904909 0.00276125 0.0706573
0.00342901 0.0139282 0.729 0.180374 0.0275415 0.0422516 0.00690463 0.0452364
0.00399276 0.0386569 0.657442 0.198352 0.0245468 0.0780709 0.00293162 0.0769626
0.00306346 0.0616436 0.417743 0.357115 0.0221389 0.1349 0.00646019 0.108859
0.00271066 0.0159497 0.62295 0.181565 0.076463 0.0913769 0.0116952 0.0462255
0.00244043 0.018101 0.564912 0.313461 0.0172201 0.0858046 0.00050183 0.0525602
0.00341107 0.0416986 0.653384 0.179983 0.0394647 0.0670095 0.0184597 0.0581809
0.00392776 0.0187526 0.520435 0.306269 0.0794385 0.0590118 0.0160931 0.0535947
0.00378146 0.0624405 0.41313 0.306661 0.0203668 0.194573 0.00282883 0.0909166
0.00344838 0.0102519 0.665236 0.203075 0.0358209 0.0665257 0.0190905 0.0814254
0.00389238 0.0204016 0.49237 0.345036 0.0356226 0.0962282 0.0103415 0.128379
0.00257655 0.0399453 0.452657 0.203502 0.0748991 0.193034 0.0359628 0.123438
0.00226546 0.0340626 0.50621 0.337943 0.0181065 0.095483 0.00819533 0.136856
0.0026478 0.0321095 0.507093 0.188085 0.104675 0.160185 0.00785255 0.11549
0.0031809 0.0403522 0.512478 0.190298 0.119435 0.130872 0.00656559 0.131411
0.00321975 0.0233692 0.563583 0.197141 0.100882 0.0557774 0.0592478 0.0906889
0.00375683 0.0372946 0.50698 0.207584 0.118324 0.118421 0.0113959 0.0806089
0.00313944 0.0473229 0.413147 0.311848 0.0290683 0.191133 0.00748061 0.144511
0.00222245 0.0586516 0.510747 0.218098 0.0958271 0.095307 0.0213692 0.0463626
0.0030815 0.0150841 0.734145 0.177865 0.0173182 0.0469419 0.00864539 0.135906
0.00339225 0.0280546 0.579135 0.211729 0.0994244 0.0813126 0.000344338 0.145179
0.00299025 0.0746166 0.367823 0.349217 0.0104048 0.191671 0.00626712 0.0641632
0.00223273 0.0391548 0.470322 0.196373 0.0629546 0.200814 0.0303821 0.0405669
0.00285648 0.0443637 0.34457 0.321367 0.0841913 0.178949 0.0265594 0.123598
0.00298578 0.0576161 0.538308 0.257767 0.035553 0.109583 0.0011732 0.0516472
0.00235184 0.017893 0.718895 0.157852 0.040766 0.0477217 0.0168722 0.106296
0.00352251 0.0646042 0.427279 0.321523 0.0141796 0.171732 0.000682335 0.120456
0.00306947 0.0483075 0.491372 0.278746 0.0392758 0.135199 0.00710067 0.136026
0.00394142 0.0160137 0.6121 0.289665 0.0254913 0.0544137 0.00231543 0.104502
0.00399782 0.0435782 0.504166 0.22727 0.0296228 0.181028 0.0143348 0.113396
0.00377608 0.0270587 0.638183 0.219656 0.0351528 0.0799306 1.88507e-05 0.0658972
0.00289101 0.0275836 0.502575 0.198462 0.1287 0.121626 0.0210535 0.0812632
0.00347256 0.0362596 0.493311 0.218203 0.0643698 0.149894 0.0379624 0.0647943
0.00345996 0.0189093 0.596425 0.208094 0.0486311 0.116551 0.0113902 0.122455
0.0034026 0.0427904 0.658997 0.197839 0.0103394 0.0872982 0.0027355 0.0868182
0.00343505 0.039504 0.542183 0.182252 0.0755452 0.14734 0.0131757 0.0869387
0.00207758 0.0534537 0.401656 0.318913 0.0779738 0.136567 0.0114362 0.10192
0.0030894 0.0276806 0.707267 0.197064 0.0189554 0.0476797 0.00135273 0.0415968
0.00357212 0.0185243 0.618783 0.181251 0.0788975 0.063968 0.0385761 0.0412317
0.00286882 0.025555 0.560634 0.301479 0.0192393 0.0825786 0.0105137 0.0688804
0.00366473 0.0134225 0.799762 0.1584 0.00662109 0.0182475 0.00354728 0.103403
0.00348541 0.0417636 0.608745 0.181289 0.0447484 0.103396 0.0200588 0.0989731
0.00326325 0.0168515 0.484162 0.334218 0.0505971 0.0839102 0.0302613 0.101331
0.00258644 0.0487395 0.547515 0.201748 0.0367475 0.155418 0.0098323 0.0594075
0.00331729 0.059839 0.481618 0.276691 0.0280634 0.149354 0.00443445 0.0665099
0.00331951 0.0664203 0.494597 0.29322 0.0303242 0.114303 0.00113517 0.117455
0.00207186 0.0243258 0.483074 0.253511 0.0840071 0.105811 0.0492714 0.0417586
0.00322169 0.02073 0.644766 0.23719 0.0338936 0.044182 0.0192391 0.0786658
0.00373929 0.0195568 0.557885 0.225842 0.0834754 0.0837552 0.0294864 0.0880235
0.003615 0.0686757 0.465752 0.248926 0.0132602 0.199967 0.00341943 0.0800305
0.00309087 0.0423188 0.421256 0.341914 0.032152 0.148408 0.0139512 0.147521
0.00275678 0.0244057 0.646934 0.200375 0.0594052 0.0667584 0.00212185 0.0985219
0.00256504 0.0149478 0.622523 0.243291 0.044314 0.053636 0.0212879 0.0570203
0.00372021 0.0652299 0.436644 0.322892 0.0717029 0.0985476 0.00498422 0.124528
0.00309867 0.0357083 0.672313 0.20056 0.0225712 0.0681762 0.000671856 0.0825494
0.00299906 0.0203986 0.583792 0.250901 0.0245828 0.114104 0.00622131 0.0961351
0.00297427 0.0314544 0.550249 0.229848 0.113534 0.0637673 0.0111473 0.0475209
0.00356047 0.0102209 0.739534 0.143501 0.0605973 0.0280972 0.0180493 0.146056
0.00334047 0.0341422 0.525417 0.223516 0.149235 0.0437754 0.0239143 0.110014
0.00237212 0.0293762 0.543036 0.219608 0.041989 0.154996 0.010994 0.050995
0.00246371 0.0289076 0.502595 0.287376 0.0542446 0.117453 0.0094234 0.0900378
0.00344716 0.0534554 0.320622 0.287226 0.101618 0.207114 0.0299648 0.106219
0.00286163 0.0133319 0.556252 0.24724 0.116526 0.0552477 0.0114028 0.0875747
0.00220104 0.0352812 0.492883 0.268027 0.0117433 0.187707 0.0043583 0.0671877
0.00329775 0.0489961 0.420356 0.356681 0.0481099 0.0965148 0.0293422 0.0433011
0.00316883 0.00987556 0.583247 0.292707 0.0498436 0.0562976 0.00802998 0.0505483
0.00229583 0.0624993 0.478229 0.253796 0.0546239 0.13178 0.0190719 0.0962311
0.00349115 0.0544179 0.586413 0.218692 0.0283787 0.0977517 0.0143469 0.0596494
0.00316149 0.0149892 0.591513 0.25382 0.0759419 0.0509905 0.012745 0.105013
0.00352942 0.0312579 0.431968 0.34086 0.0219401 0.172563 0.00141164 0.148726
0.00371372 0.0381092 0.553936 0.222269 0.0256758 0.156373 0.00363726 0.0947987
0.00342523 0.0352809 0.525642 0.299871 0.0317873 0.104685 0.00273364 0.0437349
0.00236861 0.0234744 0.521669 0.242475 0.0801887 0.0979644 0.0342283 0.137964
0.00206257 0.0541811 0.473031 0.339982 0.00990918 0.119424 0.00347199 0.0727595
0.00212826 0.0467317 0.507687 0.264886 0.0702074 0.110392 9.56849e-05 0.115866
0.0021873 0.067396 0.47706 0.265751 0.0566617 0.122272 0.0108588 0.0883611
0.00345438 0.0376884 0.423747 0.258233 0.0676393 0.175968 0.0367247 0.122359
0.00354832 0.055378 0.447783 0.254592 0.12269 0.0975961 0.0219605 0.0866273
0.00363202 0.0302258 0.516194 0.341586 0.0226872 0.0877428 0.00156371 0.0540368
0.00251049 0.0120744 0.667718 0.256564 0.0281933 0.0193801 0.0160702 0.0954356
0.00248103 0.0465507 0.486778 0.241975 0.0501747 0.148146 0.0263755 0.113212
0.0031574 0.0257837 0.601584 0.291045 0.0158878 0.0599714 0.00572779 0.136465
0.00212615 0.0535324 0.566138 0.263669 0.0228903 0.0899243 0.00384539 0.0915723
0.00227798 0.0211074 0.599319 0.291685 0.0246982 0.0527969 0.0103931 0.122431
0.0030204 0.0114177 0.693723 0.176891 0.0762312 0.0274125 0.0143236 0.0773589
0.00242568 0.0326779 0.650559 0.211035 0.0153134 0.0863406 0.00407492 0.139998
0.00281491 0.0528404 0.513822 0.293569 0.0137396 0.122161 0.00386759 0.148673
0.00231257 0.0403197 0.66552 0.19126 0.0315701 0.0637255 0.00760512 0.140056
0.00384999 0.068634 0.407861 0.297304 0.0194273 0.20501 0.0017628 0.101708
0.00317325 0.0156435 0.512031 0.315819 0.0797093 0.0459087 0.0308889 0.104904
0.0034699 0.0105265 0.718331 0.220445 0.0127697 0.0343936 0.0035347 0.115424
0.00248409 0.0285706 0.530875 0.217308 0.0698937 0.134648 0.0187043 0.121317
0.00259652 0.00912165 0.597439 0.280432 0.0483431 0.052299 0.0123658 0.0746703
0.00362409 0.0447467 0.414745 0.307644 0.0101326 0.219327 0.00340454 0.0940586
0.00374215 0.0455577 0.462376 0.342924 0.0286007 0.114697 0.00584492 0.104323
0.0027444 0.0194592 0.605194 0.215113 0.0643279 0.0812933 0.0146134 0.0407499
0.00292747 0.0144515 0.577561 0.305538 0.0147364 0.0848535 0.00285893 0.114776
0.00399143 0.0421522 0.499006 0.287211 0.0343025 0.136368 0.000959583 0.0857128
0.00380994 0.0489111 0.540901 0.277218 0.0294999 0.088587 0.0148836 0.0951408
0.00390046 0.0783012 0.37945 0.350213 0.0608586 0.129748 0.00142945 0.125921
0.00326839 0.0254703 0.635829 0.202337 0.0746918 0.0609199 0.000751785 0.0863442
0.00280573 0.035202 0.593712 0.190948 0.0616542 0.0806403 0.0378429 0.100645
0.00268602 0.0372379 0.547255 0.226958 0.069712 0.103265 0.0155723 0.123049
0.002753 0.046453 0.456288 0.330502 0.015373 0.146253 0.00513219 0.138419
0.00379578 0.061007 0.588894 0.235287 0.0270743 0.0853177 0.00241991 0.106942
0.00290941 0.0552603 0.523261 0.27802 0.0145719 0.123566 0.00532107 0.0643009
0.00339836 0.0178803 0.565719 0.264549 0.118915 0.0228603 0.010077 0.0491372
0.00287298 0.0113203 0.506484 0.308841 0.0484273 0.0978159 0.0271112 0.0833182
0.0036548 0.0422793 0.49875 0.313968 0.0571996 0.0696803 0.0181231 0.0535175
0.00336549 0.0305589 0.621519 0.205338 0.0194355 0.111725 0.0114238 0.120013
0.00346316 0.0120409 0.63463 0.242791 0.0265932 0.072955 0.0109898 0.103328
0.00215875 0.0310514 0.41302 0.318464 0.0616431 0.157529 0.0182927 0.107577
0.00275813 0.0542025 0.54443 0.215736 0.0209292 0.161663 0.00303857 0.0559734
0.00222728 0.0446589 0.402375 0.32673 0.0908982 0.121785 0.0135524 0.100008
0.002563 0.0354929 0.565614 0.299482 0.010548 0.0860486 0.00281405 0.0731014
0.00375628 0.0319259 0.605753 0.202453 0.0540323 0.0801242 0.0257115 0.149263
0.00216245 0.0239491 0.574073 0.284612 0.0200232 0.0897612 0.00758199 0.126768
0.00222397 0.022266 0.610291 0.232804 0.0518115 0.0575232 0.025304 0.126652
0.00269725 0.0329739 0.509622 0.206753 0.072571 0.144889 0.0331899 0.0495761
0.00309023 0.0190628 0.570101 0.280861 0.0515475 0.0494504 0.0289781 0.130573
0.00352017 0.040807 0.417827 0.21637 0.108734 0.208747 0.00751464 0.0871801
0.00257125 0.0223309 0.577236 0.305901 0.013651 0.0781725 0.00270907 0.0606174
0.00323364 0.0327404 0.50923 0.29696 0.0612385 0.0772318 0.0225992 0.141614
0.0039503 0.00944336 0.605884 0.282502 0.041963 0.0501304 0.0100767 0.106089
0.00206885 0.051458 0.51479 0.25594 0.036278 0.125948 0.0155854 0.0851705
0.00232702 0.0563819 0.334984 0.272481 0.164042 0.166618 0.00549392 0.103363
0.00221929 0.0409305 0.473475 0.295554 0.0228212 0.156393 0.0108265 0.0623423
0.00392417 0.0245583 0.556853 0.222224 0.0771998 0.0855299 0.0336347 0.112789
0.00397311 0.012494 0.673629 0.226435 0.0394229 0.0364707 0.0115487 0.0645267
0.0022953 0.0220641 0.617074 0.282389 0.0246104 0.0495943 0.00426869 0.0841322
0.00218191 0.0233427 0.587065 0.211715 0.0541444 0.104163 0.0195701 0.0759081
0.00270077 0.0202054 0.57463 0.339725 0.0263741 0.0380499 0.00101545 0.040663
0.00233945 0.0317611 0.478179 0.25989 0.0574957 0.150595 0.022079 0.0771807
0.0038879 0.0182472 0.530082 0.251546 0.0877539 0.0795899 0.0327812 0.128384
0.00227411 0.021878 0.667964 0.193065 0.023028 0.0869483 0.00711674 0.120278
0.00204612 0.0293092 0.545 0.339136 0.0139408 0.0721006 0.000513397 0.0648499
0.00324352 0.044374 0.513561 0.181855 0.137433 0.114065 0.00871106 0.137775
0.00230373 0.0108673 0.719403 0.231385 0.0135421 0.0197369 0.00506536 0.129477
0.00387912 0.0236082 0.616618 0.268503 0.0370122 0.0473862 0.00687209 0.054511
0.00249018 0.026679 0.596088 0.251396 0.0335159 0.0916988 0.000622665 0.131869
0.00353114 0.0580187 0.432073 0.313673 0.066864 0.112401 0.0169716 0.0627762
0.0038927 0.0598067 0.47101 0.218965 0.0409159 0.189644 0.0196575 0.149837
0.00347331 0.0251596 0.514157 0.364621 0.0167969 0.0710278 0.00823735 0.104205
0.00203655 0.053173 0.456094 0.276555 0.0592198 0.123703 0.0312555 0.106504
0.00202321 0.0557809 0.417838 0.271499 0.0611494 0.181098 0.0126354 0.0711775
0.0022147 0.0160547 0.670099 0.230556 0.0152277 0.0653971 0.00266588 0.125145
0.00218902 0.0250435 0.689742 0.173923 0.0207956 0.0830507 0.00744474 0.0563805
0.00265684 0.0548139 0.586198 0.231039 0.0155068 0.106077 0.00636641 0.0887727
0.002083 0.0461518 0.401626 0.23542 0.0752195 0.2037 0.0378838 0.143446
0.00344977 0.039407 0.518035 0.266034 0.0412096 0.112832 0.0224826 0.0683406
0.002917 0.0662732 0.504855 0.226698 0.0309124 0.171192 6.90409e-05 0.0660217
0.00361359 0.0481226 0.45268 0.300112 0.102954 0.066892 0.0292397 0.145592
0.00281123 0.0237246 0.560488 0.332017 0.0084084 0.072144 0.00321764 0.0956283
0.00376043 0.0287781 0.663106 0.193178 0.0248571 0.0896111 0.000469802 0.053257
0.00203156 0.00874713 0.671353 0.275264 0.0164653 0.0262285 0.0019422 0.0515941
0.00219378 0.00764744 0.781506 0.133793 0.0432807 0.0213883 0.0123845 0.0859933
0.00371734 0.0138388 0.73719 0.170199 0.018176 0.0605186 7.76681e-05 0.0703971
0.0039837 0.0399695 0.585909 0.195705 0.0501648 0.121256 0.0069958 0.0958138
0.00369612 0.0154349 0.628802 0.232629 0.0752854 0.0404679 0.00738102 0.0841675
0.00396707 0.016644 0.720585 0.212932 0.0106049 0.0331765 0.00605744 0.110512
0.00305428 0.0195492 0.603185 0.225838 0.115568 0.0329593 0.00290071 0.130914
0.00252018 0.0315642 0.580407 0.301487 0.0104941 0.0706658 0.00538169 0.135158
0.00290113 0.0408505 0.452447 0.232364 0.128931 0.137843 0.007565 0.123388
0.00295218 0.0366145 0.569145 0.299352 0.041362 0.0522943 0.00123294 0.0501787
0.00396851 0.0351339 0.472628 0.339536 0.010408 0.138625 0.00366904 0.0461781
0.00242565 0.0120945 0.609518 0.3135 0.0240962 0.0290188 0.0117717 0.0786361
0.00275553 0.0129897 0.694504 0.186244 0.038551 0.0561809 0.011531 0.116774
0.00206471 0.0459444 0.521873 0.23934 0.0342517 0.137555 0.021035 0.108277
0.00250842 0.0190664 0.500367 0.330333 0.0521594 0.0735753 0.024499 0.0851987
0.0028065 0.0297837 0.549151 0.253328 0.0740623 0.0717574 0.0219175 0.0947061
0.00352817 0.0390664 0.523393 0.205134 0.0200069 0.202379 0.0100199 0.0432292
0.00288057 0.020384 0.592847 0.230752 0.0316242 0.122251 0.00214195 0.108513
0.00329248 0.0129975 0.733714 0.183286 0.0121955 0.0562507 0.00155708 0.10656
0.00298496 0.0247637 0.617694 0.231687 0.0349819 0.0723045 0.018569 0.0929214
0.0020259 0.0146134 0.592078 0.327109 0.0261215 0.0340517 0.00602644 0.105278
0.00249213 0.0377849 0.530424 0.254008 0.0461425 0.12316 0.0084806 0.10977
0.00384991 0.0357088 0.618042 0.19501 0.072011 0.0659494 0.0132787 0.0675207
0.00316677 0.0143208 0.553969 0.264335 0.0989692 0.0368997 0.0315055 0.147354
0.00288758 0.0315044 0.594129 0.180428 0.0597087 0.124505 0.00972414 0.128592
0.00317268 0.0316255 0.579739 0.267769 0.0199368 0.100511 0.000418219 0.113697
0.00394117 0.0269486 0.462532 0.323293 0.0848876 0.0823387 0.0200008 0.0660131
0.00281381 0.0594878 0.545665 0.220584 0.056071 0.100217 0.0179749 0.0444169
0.00283649 0.0399725 0.55724 0.254662 0.0124176 0.132345 0.00336267 0.116308
0.00378758 0.0319166 0.44309 0.364166 0.0223528 0.134611 0.00386374 0.100864
0.00227261 0.00601776 0.710649 0.190597 0.0562289 0.0309091 0.00559815 0.0886278
0.00360345 0.026432 0.549059 0.345301 0.0372822 0.0408321 0.00109378 0.119267
0.00387527 0.0101268 0.588679 0.291975 0.0425971 0.0597638 0.00685805 0.128927
0.00311431 0.0659554 0.537569 0.25081 0.0160723 0.121506 0.00808734 0.149496
0.00291418 0.0132031 0.649463 0.244795 0.0199913 0.0697069 0.00284036 0.0993899
0.00375126 0.028623 0.484466 0.300301 0.0707996 0.103779 0.0120319 0.131868
0.00377899 0.0283219 0.58115 0.305251 0.00929704 0.0723855 0.00359508 0.0445516
0.00273203 0.0115519 0.733098 0.171256 0.0292325 0.0459886 0.00887269 0.116084
0.00208981 0.0317037 0.646006 0.200304 0.0514416 0.0650028 0.00554156 0.0655555
0.00323587 0.0399298 0.504237 0.290113 0.0108379 0.148493 0.00638957 0.0589295
0.00342072 0.0112874 0.674455 0.240184 0.0402693 0.0165804 0.0172234 0.0698681
0.00225642 0.00765752 0.74525 0.163651 0.0498963 0.0257489 0.00779607 0.0555254
0.00237935 0.0596294 0.396681 0.277448 0.0521683 0.184957 0.0291169 0.113124
0.003935 0.0406966 0.4647 0.34294 0.0558493 0.0869817 0.00883206 0.0406959
0.00357895 0.0594038 0.504533 0.192067 0.0693514 0.151772 0.022872 0.107884
0.00274269 0.0178013 0.589469 0.327262 0.0253831 0.0343591 0.0057261 0.129568
0.00360733 0.0342079 0.514595 0.235103 0.0881711 0.093916 0.0340076 0.095333
0.0024461 0.0304761 0.618547 0.217383 0.0453168 0.0813267 0.0069511 0.133161
0.00371714 0.0325865 0.451426 0.294963 0.0780763 0.109829 0.0331184 0.146876
0.00325393 0.00929552 0.620913 0.278463 0.0393581 0.0378797 0.0140907 0.148396
0.00212334 0.060233 0.53364 0.203306 0.0403121 0.15639 0.00611866 0.114893
0.00205797 0.0177907 0.544748 0.317411 0.0163945 0.0990818 0.00457346 0.0656959
0.00309095 0.0142462 0.658399 0.191344 0.070571 0.0558699 0.0095704 0.122526
0.00225086 0.00563993 0.782893 0.175591 0.0152813 0.020119 0.000476443 0.103099
0.0034741 0.0157446 0.513679 0.288416 0.100632 0.0597911 0.0217375 0.108894
0.0020957 0.0347037 0.511144 0.302693 0.0589926 0.0705188 0.0219473 0.0816645
0.00346822 0.0186172 0.527169 0.325495 0.040307 0.0756006 0.0128106 0.101381
0.00334398 0.0188828 0.593803 0.193369 0.0983095 0.0697813 0.0258542 0.137775
0.00333149 0.0742281 0.477226 0.208865 0.069109 0.130454 0.0401184 0.103471
0.00215451 0.0425728 0.593361 0.246517 0.0241538 0.08688 0.00651515 0.12377
0.00330595 0.0377912 0.426321 0.312256 0.0252977 0.192059 0.00627483 0.129167
0.00224233 0.0486323 0.527397 0.19126 0.0557829 0.15121 0.0257169 0.0713856
0.00221268 0.0605613 0.494447 0.191316 0.0964889 0.128207 0.0289798 0.120085
0.00365157 0.0127543 0.667364 0.147866 0.091606 0.0548941 0.0255159 0.0905893
0.00230141 0.0355 0.478314 0.342415 0.0166737 0.120107 0.00699028 0.13336
0.00237552 0.0775957 0.457965 0.193135 0.0511947 0.199361 0.0207487 0.105848
0.00349355 0.0185916 0.676048 0.194352 0.0567326 0.0463398 0.00793662 0.137214
0.00302314 0.0545323 0.42281 0.343955 0.0286606 0.14841 0.00163095 0.0456326
0.00270926 0.0472094 0.568912 0.234373 0.01894 0.128721 0.00184392 0.0727445
0.0037342 0.0586375 0.386211 0.302263 0.0409414 0.186862 0.0250844 0.0682567
0.00251551 0.0083877 0.731949 0.21454 0.00929969 0.0319518 0.0038715 0.0827611
0.00398908 0.0277497 0.397346 0.309197 0.109483 0.108381 0.0478431 0.098451
0.00318445 0.0494705 0.42698 0.346565 0.016944 0.155106 0.00493472 0.122788
0.00328824 0.0640197 0.372408 0.319458 0.0641845 0.156479 0.0234507 0.105515
0.00219047 0.0254259 0.608173 0.245075 0.0654419 0.053168 0.00271581 0.129993
0.00264296 0.0460275 0.54582 0.257132 0.0437598 0.0987554 0.00850593 0.0952773
0.00241857 0.0353498 0.49811 0.346282 0.0227795 0.0893664 0.00811249 0.0812554
0.00265801 0.0679169 0.499578 0.295127 0.0110882 0.123359 0.00293109 0.112403
0.00279321 0.0214804 0.52348 0.300999 0.054923 0.0820522 0.0170655 0.142573
0.00376425 0.0262137 0.503025 0.287818 0.0254226 0.146302 0.0112184 0.138649
0.00261156 0.0636884 0.596062 0.237105 0.017083 0.0816582 0.00440336 0.0792041
0.0030748 0.00743348 0.664268 0.262958 0.0143532 0.0476176 0.00336941 0.127822
0.00211654 0.0219018 0.618462 0.254346 0.0517082 0.0458511 0.00773055 0.0915914
0.00218192 0.0105924 0.739258 0.151326 0.0143324 0.0771922 0.00729834 0.137616
0.00340484 0.0249798 0.485352 0.345072 0.0259595 0.117205 0.00143214 0.117682
0.00338532 0.0195454 0.638914 0.211975 0.0554838 0.0535613 0.0205212 0.142776
0.00313022 0.0407022 0.472427 0.288282 0.0817431 0.092337 0.0245081 0.059103
0.00264201 0.0512253 0.425239 0.29823 0.016851 0.205169 0.0032855 0.13303
0.00395503 0.0700776 0.424699 0.248748 0.111018 0.127954 0.017503 0.07769
0.00339883 0.0325383 0.480827 0.304927 0.107361 0.0608321 0.0135146 0.055352
0.00245996 0.0400221 0.424587 0.284188 0.0625311 0.162967 0.0257044 0.130028
0.00223005 0.0221303 0.591957 0.254864 0.0256172 0.0973883 0.00804253 0.0937376
0.00217346 0.0263134 0.378939 0.322641 0.110072 0.130641 0.031394 0.0515014
0.00206843 0.0146305 0.566768 0.191223 0.102895 0.102658 0.0218267 0.096707
0.00244591 0.0434059 0.473209 0.362551 0.0189208 0.0981519 0.00376113 0.0759455
0.0020733 0.0171111 0.662791 0.186092 0.0374834 0.080343 0.0161787 0.0412447
0.00302445 0.0162828 0.639873 0.221969 0.0402686 0.0667395 0.0148665 0.133988
0.00302911 0.0243418 0.530318 0.238227 0.0608954 0.140571 0.00564732 0.0757155
0.00252525 0.0457351 0.526647 0.255966 0.056696 0.0935878 0.0213688 0.14338
0.00209942 0.0311339 0.540514 0.214823 0.0474774 0.161267 0.00478506 0.0629995
0.00217023 0.0243183 0.648474 0.175953 0.036625 0.0995278 0.0151019 0.0478993
0.00209369 0.0416487 0.4785 0.228778 0.0390167 0.195274 0.0167835 0.105612
0.00355976 0.0157467 0.52821 0.295844 0.0715708 0.0758326 0.0127962 0.0701368
0.00243575 0.027379 0.493783 0.251856 0.111257 0.114253 0.001472 0.0476409
0.00214476 0.0244667 0.590946 0.294784 0.0196805 0.0603581 0.00976465 0.147876
0.00351309 0.0533266 0.486168 0.234823 0.0809813 0.0990247 0.0456764 0.0551559
0.00369733 0.0180261 0.658713 0.216285 0.00880678 0.0946817 0.00348762 0.145201
0.00370546 0.0524637 0.463291 0.229119 0.0326852 0.20451 0.0179306 0.110556
0.00378611 0.050407 0.409385 0.246985 0.0887336 0.166493 0.0379955 0.0709612
0.00356511 0.0605311 0.470969 0.313407 0.0255307 0.128961 0.000601671 0.117326
0.00348713 0.00751868 0.761759 0.173421 0.0180631 0.0339417 0.00529582 0.0471886
0.00368682 0.017024 0.54369 0.316299 0.0450304 0.0772606 0.000696393 0.149989
0.00393567 0.00545589 0.68349 0.249168 0.0365921 0.0163699 0.0089239 0.0927778
0.00333758 0.0155155 0.55597 0.327299 0.0137392 0.0837885 0.00368831 0.148845
0.00394778 0.0126565 0.720855 0.184951 0.0084014 0.0703934 0.00274248 0.103771
0.00210248 0.0102675 0.638178 0.230985 0.0220545 0.084846 0.0136686 0.124792
0.00333362 0.0299373 0.465216 0.312232 0.0967936 0.075537 0.0202844 0.128461
0.00309343 0.0437613 0.523153 0.265557 0.0295823 0.137339 0.000608082 0.0922884
0.00343695 0.0344028 0.467361 0.305658 0.0444841 0.14247 0.00562471 0.101396
0.00244056 0.016815 0.670147 0.253064 0.0174341 0.0320174 0.0105232 0.0662844
0.00301789 0.0104072 0.688809 0.223718 0.025103 0.0441337 0.00782904 0.0582296
0.00341316 0.0244279 0.426219 0.345498 0.056987 0.136125 0.010742 0.110935
0.00211634 0.051488 0.506637 0.330606 0.0236817 0.0796809 0.00790685 0.119704
0.00273616 0.0486741 0.52657 0.301176 0.0397939 0.066259 0.0175272 0.0647963
0.00283825 0.0411357 0.445916 0.254713 0.0825125 0.140817 0.0349058 0.125893
0.0022905 0.0287795 0.445133 0.215595 0.0996011 0.170672 0.0402193 0.108121
0.00265268 0.051204 0.577692 0.191954 0.0188228 0.151624 0.00870413 0.133031
0.00255836 0.0126958 0.695639 0.201609 0.0420856 0.0430723 0.00489791 0.106763
0.00383896 0.0308229 0.457453 0.343149 0.03248 0.13512 0.000974114 0.0634832
0.00237022 0.0164533 0.653593 0.225985 0.0626099 0.0276559 0.013703 0.0775534
0.00203716 0.0520859 0.42809 0.318489 0.0220682 0.175025 0.00424149 0.0974894
0.00298404 0.03886 0.567257 0.285564 0.015399 0.0839416 0.00897783 0.144441
0.00315606 0.0604949 0.587438 0.206345 0.0529631 0.0839952 0.00876293 0.0783698
0.00273486 0.0508198 0.517631 0.264644 0.0636436 0.1016 0.00166204 0.119084
0.00314679 0.0269758 0.608932 0.256739 0.0155564 0.0860928 0.00570406 0.0562434
0.00377237 0.0386325 0.45112 0.357344 0.020334 0.130765 0.00180391 0.145974
0.00341769 0.0509751 0.499033 0.289499 0.0147752 0.140659 0.00505836 0.105995
0.00258457 0.0281988 0.613024 0.210422 0.0209244 0.119102 0.00832956 0.0418716
0.00252848 0.0345404 0.53383 0.257953 0.085242 0.0773592 0.0110759 0.131371
0.00294183 0.0428546 0.579856 0.235405 0.0320787 0.0992678 0.0105377 0.0436122
0.00279998 0.0278379 0.664327 0.197665 0.018132 0.0814056 0.0106323 0.0845729
0.00256858 0.0245547 0.56502 0.235196 0.0443354 0.123828 0.0070666 0.0510506
0.00278379 0.0503326 0.425724 0.341303 0.0293693 0.142614 0.010657 0.136688
0.00304901 0.0337853 0.48765 0.350946 0.018136 0.099201 0.0102826 0.0981153
0.00204305 0.0301289 0.560658 0.240716 0.0292124 0.124599 0.0146857 0.0587906
0.00205153 0.0116627 0.623128 0.307402 0.0224011 0.028795 0.00661123 0.0563414
0.003499 0.020856 0.667527 0.16925 0.042293 0.080411 0.0196625 0.0665833
0.00203045 0.0264202 0.667709 0.247177 0.0143583 0.037288 0.00704718 0.149403
0.00244912 0.0651827 0.414554 0.247515 0.0607614 0.189366 0.0226203 0.0632669
0.00212446 0.00896682 0.634873 0.240114 0.074353 0.0237769 0.0179159 0.0855125
0.00396614 0.0114721 0.632511 0.20216 0.070772 0.072526 0.0105594 0.0499137
0.00222212 0.0305362 0.424392 0.337259 0.0306413 0.172178 0.00499333 0.125572
0.00365302 0.0117792 0.562506 0.226674 0.0918209 0.0869691 0.0202501 0.0482676
0.00270728 0.0628513 0.535726 0.252979 0.0340381 0.111034 0.00337259 0.135234
0.00323245 0.0142752 0.693905 0.213211 0.0185103 0.0554356 0.00466367 0.0546156
0.00271653 0.069003 0.397691 0.265829 0.0353975 0.216708 0.0153716 0.138292
0.00235255 0.0349142 0.5429 0.257768 0.0392224 0.115575 0.00962068 0.124967
0.00260534 0.0335328 0.579655 0.193995 0.0429765 0.135252 0.0145893 0.113765
0.00231316 0.0154163 0.581346 0.324936 0.0184286 0.0511786 0.00869367 0.0613722
0.00383081 0.0413062 0.480766 0.352095 0.0155569 0.108635 0.00163975 0.0961124
0.0031705 0.0368062 0.448003 0.346603 0.0482813 0.0973808 0.0229258 0.102659
0.00361448 0.054808 0.439987 0.2593 0.0527302 0.175014 0.0181611 0.139954
0.00367285 0.0219227 0.596095 0.290633 0.0370688 0.0522902 0.00199036 0.0671984
0.00227079 0.0127714 0.567415 0.283986 0.0508149 0.071419 0.0135939 0.0423244
0.00272991 0.0176396 0.525629 0.271077 0.065957 0.1044 0.015297 0.148718
0.00331244 0.0251743 0.544731 0.319377 0.0144195 0.0889048 0.0073935 0.051364
0.00393854 0.0188646 0.625467 0.188263 0.0666037 0.0796817 0.0211203 0.128131
0.00262273 0.0160112 0.541818 0.319344 0.0375725 0.0632887 0.0219652 0.0699933
0.00308886 0.0812463 0.409937 0.357653 0.01728 0.133561 0.000322511 0.124554
0.00330246 0.0237798 0.619487 0.23796 0.0386252 0.0649997 0.0151483 0.114566
0.00249882 0.0530467 0.450213 0.362347 0.0127962 0.115196 0.00640071 0.0525593
0.00265645 0.0327913 0.635671 0.186474 0.0361588 0.0869799 0.0219245 0.0907463
0.00310825 0.0204921 0.622151 0.25373 0.0213911 0.0691356 0.0130998 0.1128
0.00285882 0.0207791 0.682896 0.193885 0.0130539 0.085275 0.00411126 0.143998
0.0025936 0.0290825 0.659749 0.175683 0.0694864 0.0576399 0.00835904 0.0444279
0.00222126 0.0510577 0.478649 0.181946 0.0863323 0.190108 0.0119065 0.103316
0.00350637 0.0677873 0.432067 0.242646 0.0409125 0.194776 0.0218099 0.102148
0.00359936 0.0692233 0.390377 0.36264 0.0218902 0.148042 0.0078275 0.124916
0.00374034 0.0206749 0.645674 0.188702 0.0657222 0.0567716 0.0224552 0.0554013
0.00260786 0.0601128 0.489873 0.27474 0.0526862 0.104117 0.0184714 0.14242
0.002267 0.0102893 0.705515 0.187853 0.0676 0.0206653 0.0080775 0.0888058
0.00240773 0.0194286 0.691119 0.211185 0.0288004 0.0448091 0.00465804 0.112635
0.00339555 0.0567415 0.373451 0.337353 0.106682 0.111277 0.0144963 0.0785843
0.00330864 0.0286478 0.493576 0.252473 0.0338494 0.173669 0.0177855 0.117331
0.00231703 0.0461693 0.472411 0.295873 0.0110066 0.171272 0.00326853 0.13699
0.00346856 0.00790309 0.727519 0.212639 0.0109101 0.0404235 0.000605213 0.146241
0.00268656 0.0365642 0.461895 0.332217 0.0274157 0.137769 0.00413934 0.043388
0.0038172 0.0127292 0.680673 0.188576 0.048292 0.0442792 0.025451 0.0982008
0.0022457 0.0454468 0.594017 0.250001 0.0110259 0.0934328 0.00607731 0.0592529
0.00218412 0.061859 0.514821 0.253911 0.0246137 0.142972 0.0018236 0.0864405
0.00246222 0.0221923 0.565143 0.236403 0.0335904 0.140937 0.00173341 0.101474
0.00323934 0.00547418 0.65022 0.19322 0.105183 0.0434009 0.00250257 0.126639
0.0032262 0.0681352 0.548633 0.208346 0.0165371 0.152611 0.00573721 0.107867
0.00203644 0.0499942 0.588115 0.21355 0.0420353 0.080848 0.0254576 0.0826264
0.00256954 0.0565311 0.426465 0.300501 0.0678453 0.115726 0.0329321 0.116559
0.00377818 0.0236842 0.426008 0.302507 0.115195 0.0997484 0.0328575 0.132368
0.00384359 0.0596839 0.507833 0.31093 0.0388029 0.0819304 0.000819234 0.101974
0.00208512 0.00682041 0.594245 0.242919 0.0831718 0.0550698 0.0177737 0.129477
0.00226595 0.0404889 0.467751 0.300683 0.0391441 0.147741 0.00419228 0.0538618
0.00272896 0.0456454 0.46483 0.270891 0.0739835 0.11803 0.0266203 0.048673
0.00382207 0.0436475 0.539388 0.211855 0.05205 0.142834 0.0102261 0.129716
0.00338781 0.0347498 0.4216 0.330749 0.0454765 0.158627 0.00879835 0.0706232
0.00249935 0.0237814 0.62444 0.206434 0.0513753 0.0881126 0.00585621 0.0759612
0.00369971 0.0369773 0.39189 0.33968 0.0280559 0.19449 0.00890719 0.138532
0.00311348 0.0388544 0.58939 0.234993 0.0180344 0.114919 0.00380912 0.0545087
0.00394912 0.0301498 0.444368 0.303778 0.0804916 0.123503 0.01771 0.111287
0.00351708 0.0265106 0.506395 0.247552 0.0897745 0.0741518 0.055616 0.0511613
0.00251045 0.0213512 0.501095 0.333501 0.0458423 0.0932354 0.0049745 0.0635155
0.00359052 0.0415271 0.457733 0.287907 0.0544324 0.142581 0.0158204 0.139051
0.00297578 0.0412855 0.544273 0.214916 0.0132763 0.180793 0.00545596 0.126001
0.00245263 0.0380632 0.535626 0.177447 0.0685525 0.161206 0.0191048 0.0769438
0.00280609 0.0209802 0.645483 0.2715 0.00780642 0.0497919 0.00443918 0.0427471
0.00225903 0.0272413 0.471921 0.345975 0.0177487 0.13273 0.00438355 0.12877
0.00346355 0.00725802 0.757043 0.127153 0.0663512 0.0413214 0.000873417 0.0998617
0.00390238 0.0584855 0.396904 0.328038 0.0997027 0.0854535 0.0314154 0.088981
0.00216369 0.0562558 0.555462 0.216262 0.0423244 0.111703 0.0179934 0.12184
0.00345592 0.0500592 0.347238 0.264659 0.120478 0.185672 0.0318935 0.0945557
0.00332541 0.0198973 0.595863 0.201603 0.133892 0.0247669 0.0239782 0.050828
0.00360819 0.0551448 0.55062 0.201801 0.0165074 0.167744 0.00818331 0.0476769
0.00257653 0.0141515 0.510452 0.299376 0.0908013 0.0540847 0.0311337 0.105533
0.00398522 0.0486148 0.445627 0.256282 0.115537 0.0916964 0.0422423 0.0643902
0.00251729 0.0152711 0.672476 0.187857 0.0253555 0.0981035 0.000936642 0.0894227
0.00234806 0.0275725 0.601643 0.269274 0.0239699 0.0752767 0.00226342 0.113336
0.00341716 0.031979 0.619499 0.231035 0.0370499 0.0622155 0.0182215 0.0642489
0.00299639 0.0397503 0.497427 0.196971 0.078698 0.164336 0.0228177 0.110072
0.00271609 0.0333547 0.617377 0.239273 0.0292569 0.0743512 0.00638741 0.0683001
0.0034207 0.00622235 0.746124 0.167492 0.0439277 0.0292443 0.00698945 0.14586
0.003328 0.0550259 0.472713 0.224941 0.052085 0.179351 0.0158847 0.0660727
0.00302066 0.0600724 0.528372 0.226582 0.0233748 0.151607 0.00999177 0.114766
0.00266154 0.0393312 0.534716 0.241981 0.0183182 0.160615 0.00503848 0.0673746
0.00294525 0.0421129 0.433885 0.351486 0.0254325 0.13423 0.0128526 0.0823017
0.00373843 0.0413952 0.487632 0.250043 0.0492364 0.152714 0.0189788 0.133147
0.00230279 0.0383346 0.366908 0.34924 0.0550207 0.170457 0.020039 0.0463241
0.00392164 0.0222588 0.382791 0.318152 0.125264 0.105443 0.0460917 0.112541
0.00238938 0.0212786 0.392567 0.30836 0.15909 0.100222 0.0184814 0.108372
0.00258959 0.0267362 0.44722 0.352696 0.0442129 0.104792 0.0243438 0.129272
0.00203418 0.0387718 0.532032 0.316684 0.0121267 0.0985459 0.00183994 0.14317
0.00391382 0.0475593 0.552132 0.238873 0.0261424 0.131109 0.00418493 0.122302
0.0035306 0.0197771 0.700976 0.19468 0.0505796 0.0337788 0.000208572 0.088131
0.00383397 0.0248437 0.528454 0.259889 0.125915 0.0595918 0.0013064 0.0929373
0.00283088 0.0046132 0.670824 0.247832 0.0438856 0.0189492 0.0138955 0.0576338
0.00214147 0.019197 0.578831 0.240992 0.045271 0.110385 0.00532385 0.0752142
0.00293464 0.0163991 0.643031 0.226682 0.0487124 0.0604105 0.00476533 0.0676351
0.00200941 0.0625279 0.522597 0.220737 0.0159052 0.170233 0.00799982 0.0829208
0.00206729 0.0661175 0.503232 0.204657 0.0335832 0.17708 0.0153298 0.124589
0.00269843 0.00969098 0.609373 0.267973 0.0449943 0.0440556 0.0239128 0.0500805
0.00312109 0.0229806 0.487612 0.318133 0.0530379 0.0929196 0.0253169 0.0664508
0.00291063 0.0671523 0.434068 0.34178 0.0142814 0.13801 0.0047089 0.0745929
0.00394374 0.0231397 0.713762 0.16491 0.0329903 0.0508453 0.0143532 0.122146
0.00354516 0.0303279 0.550822 0.266539 0.0278377 0.11459 0.00988334 0.107049
0.00296924 0.0252493 0.607811 0.278013 0.0174673 0.0619998 0.0094599 0.11424
0.00350158 0.0267884 0.639098 0.250361 0.027099 0.0487101 0.00794303 0.146105
0.00372464 0.0795597 0.565973 0.197792 0.0482104 0.105939 0.00252568 0.132823
0.0027371 0.0590982 0.387378 0.330862 0.0681834 0.152588 0.00189069 0.116938
0.00308045 0.0358968 0.461013 0.332058 0.0487081 0.121611 0.000712638 0.120091
0.00287919 0.0049429 0.74286 0.162486 0.0497792 0.0151608 0.0247704 0.100136
0.00221597 0.0255056 0.57931 0.311312 0.0148632 0.0647406 0.00426765 0.0457148
0.00223126 0.0168415 0.661879 0.228709 0.011296 0.0770885 0.00418627 0.105508
0.00224027 0.0347574 0.575196 0.283335 0.0240847 0.0785458 0.00408148 0.145103
0.00284918 0.0382523 0.434418 0.342331 0.0412813 0.135964 0.00775364 0.0819558
0.00250199 0.0348512 0.572889 0.222431 0.0845089 0.0826419 0.00267781 0.149532
0.00214944 0.0344726 0.548441 0.30368 0.0203266 0.0843108 0.00876939 0.122527
0.0030889 0.0118045 0.661941 0.181851 0.0630688 0.0488918 0.0324421 0.119714
0.00363071 0.0597427 0.487453 0.22155 0.0434494 0.161187 0.0266185 0.078262
0.00207483 0.0340755 0.498317 0.312782 0.031472 0.117521 0.00583323 0.0637419
0.00301011 0.053847 0.566011 0.232942 0.0158956 0.123422 0.00788229 0.134962
0.00207817 0.0342773 0.568635 0.268614 0.010378 0.113977 0.00411904 0.0954162
0.003078 0.0191338 0.557738 0.313805 0.0305755 0.061928 0.0168202 0.149983
0.00337022 0.0294368 0.668055 0.228705 0.0107079 0.0606441 0.00245048 0.087156
0.00312289 0.0187854 0.649707 0.248388 0.01669 0.0615393 0.00489014 0.116327
0.0030847 0.0319808 0.548972 0.271788 0.0459822 0.0940169 0.00726012 0.103331
0.0026544 0.0315735 0.566001 0.21072 0.0587448 0.128525 0.00443641 0.123832
0.00346137 0.044158 0.552031 0.266405 0.0292561 0.0996606 0.00848898 0.0761882
0.00293127 0.0668859 0.510214 0.291791 0.0131715 0.113139 0.00479826 0.138501
